
 Phase Region for:
     BCC_A2                        
     GRAPHITE                      
 col-1=TEMP_C, col-2=VPV(BCC_A2), col-3=VPV(FCC_A1), col-4=VPV(GRAPHITE),
   col-5=VPV(LIQUID),
   7.26850E+02   8.86255E-01   0.00000E+00   1.13745E-01   0.00000E+00
   7.31850E+02   8.86287E-01   0.00000E+00   1.13713E-01   0.00000E+00
   7.36850E+02   8.86319E-01   0.00000E+00   1.13681E-01   0.00000E+00
   7.41850E+02   8.86353E-01   0.00000E+00   1.13647E-01   0.00000E+00
   7.46850E+02   8.86389E-01   0.00000E+00   1.13611E-01   0.00000E+00
   7.51850E+02   8.86426E-01   0.00000E+00   1.13574E-01   0.00000E+00
   7.56850E+02   8.86464E-01   0.00000E+00   1.13536E-01   0.00000E+00
   7.61850E+02   8.86504E-01   0.00000E+00   1.13496E-01   0.00000E+00
   7.66850E+02   8.86545E-01   0.00000E+00   1.13455E-01   0.00000E+00
   7.71850E+02   8.86589E-01   0.00000E+00   1.13411E-01   0.00000E+00
   7.76850E+02   8.86634E-01   0.00000E+00   1.13366E-01   0.00000E+00
   7.81850E+02   8.86681E-01   0.00000E+00   1.13319E-01   0.00000E+00
   7.83122E+02   8.86693E-01   0.00000E+00   1.13307E-01   0.00000E+00

 Phase Region for:
     BCC_A2                        
     FCC_A1                        
     GRAPHITE                      
 col-1=TEMP_C, col-2=VPV(BCC_A2), col-3=VPV(FCC_A1), col-4=VPV(GRAPHITE),
   col-5=VPV(LIQUID),
   7.83122E+02   8.86692E-01   1.20145E-06   1.13307E-01   0.00000E+00
   7.86850E+02   7.93752E-01   9.46648E-02   1.11584E-01   0.00000E+00
   7.91850E+02   6.57369E-01   2.33594E-01   1.09038E-01   0.00000E+00
   7.96850E+02   5.14331E-01   3.79313E-01   1.06356E-01   0.00000E+00
   8.01850E+02   3.70300E-01   5.26048E-01   1.03652E-01   0.00000E+00
   8.06850E+02   2.28849E-01   6.70157E-01   1.00995E-01   0.00000E+00
   8.11850E+02   9.19773E-02   8.09601E-01   9.84219E-02   0.00000E+00
   8.15329E+02   0.00000E+00   9.03308E-01   9.66918E-02   0.00000E+00

 Phase Region for:
     FCC_A1                        
     GRAPHITE                      
 col-1=TEMP_C, col-2=VPV(BCC_A2), col-3=VPV(FCC_A1), col-4=VPV(GRAPHITE),
   col-5=VPV(LIQUID),
   8.15329E+02   0.00000E+00   9.03308E-01   9.66918E-02   0.00000E+00
   8.16850E+02   0.00000E+00   9.03431E-01   9.65693E-02   0.00000E+00
   8.21850E+02   0.00000E+00   9.03836E-01   9.61643E-02   0.00000E+00
   8.26850E+02   0.00000E+00   9.04244E-01   9.57558E-02   0.00000E+00
   8.31850E+02   0.00000E+00   9.04656E-01   9.53441E-02   0.00000E+00
   8.36850E+02   0.00000E+00   9.05071E-01   9.49291E-02   0.00000E+00
   8.41850E+02   0.00000E+00   9.05489E-01   9.45108E-02   0.00000E+00
   8.46850E+02   0.00000E+00   9.05911E-01   9.40893E-02   0.00000E+00
   8.51850E+02   0.00000E+00   9.06335E-01   9.36647E-02   0.00000E+00
   8.56850E+02   0.00000E+00   9.06763E-01   9.32369E-02   0.00000E+00
   8.61850E+02   0.00000E+00   9.07194E-01   9.28061E-02   0.00000E+00
   8.66850E+02   0.00000E+00   9.07628E-01   9.23722E-02   0.00000E+00
   8.71850E+02   0.00000E+00   9.08065E-01   9.19354E-02   0.00000E+00
   8.76850E+02   0.00000E+00   9.08504E-01   9.14956E-02   0.00000E+00
   8.81850E+02   0.00000E+00   9.08947E-01   9.10529E-02   0.00000E+00
   8.86850E+02   0.00000E+00   9.09393E-01   9.06074E-02   0.00000E+00
   8.91850E+02   0.00000E+00   9.09841E-01   9.01590E-02   0.00000E+00
   8.96850E+02   0.00000E+00   9.10292E-01   8.97079E-02   0.00000E+00
   9.01850E+02   0.00000E+00   9.10746E-01   8.92540E-02   0.00000E+00
   9.06850E+02   0.00000E+00   9.11203E-01   8.87975E-02   0.00000E+00
   9.11850E+02   0.00000E+00   9.11662E-01   8.83383E-02   0.00000E+00
   9.16850E+02   0.00000E+00   9.12124E-01   8.78765E-02   0.00000E+00
   9.21850E+02   0.00000E+00   9.12588E-01   8.74121E-02   0.00000E+00
   9.26850E+02   0.00000E+00   9.13055E-01   8.69452E-02   0.00000E+00
   9.31850E+02   0.00000E+00   9.13524E-01   8.64759E-02   0.00000E+00
   9.36850E+02   0.00000E+00   9.13996E-01   8.60041E-02   0.00000E+00
   9.41850E+02   0.00000E+00   9.14470E-01   8.55299E-02   0.00000E+00
   9.46850E+02   0.00000E+00   9.14947E-01   8.50534E-02   0.00000E+00
   9.51850E+02   0.00000E+00   9.15425E-01   8.45745E-02   0.00000E+00
   9.56850E+02   0.00000E+00   9.15907E-01   8.40934E-02   0.00000E+00
   9.61850E+02   0.00000E+00   9.16390E-01   8.36101E-02   0.00000E+00
   9.66850E+02   0.00000E+00   9.16875E-01   8.31246E-02   0.00000E+00
   9.71850E+02   0.00000E+00   9.17363E-01   8.26369E-02   0.00000E+00
   9.76850E+02   0.00000E+00   9.17853E-01   8.21471E-02   0.00000E+00
   9.81850E+02   0.00000E+00   9.18345E-01   8.16552E-02   0.00000E+00
   9.86850E+02   0.00000E+00   9.18839E-01   8.11613E-02   0.00000E+00
   9.91850E+02   0.00000E+00   9.19335E-01   8.06655E-02   0.00000E+00
   9.96850E+02   0.00000E+00   9.19832E-01   8.01676E-02   0.00000E+00
   1.00185E+03   0.00000E+00   9.20332E-01   7.96679E-02   0.00000E+00
   1.00685E+03   0.00000E+00   9.20834E-01   7.91663E-02   0.00000E+00
   1.01185E+03   0.00000E+00   9.21337E-01   7.86628E-02   0.00000E+00
   1.01685E+03   0.00000E+00   9.21842E-01   7.81575E-02   0.00000E+00
   1.02185E+03   0.00000E+00   9.22349E-01   7.76505E-02   0.00000E+00
   1.02685E+03   0.00000E+00   9.22858E-01   7.71418E-02   0.00000E+00
   1.03185E+03   0.00000E+00   9.23369E-01   7.66313E-02   0.00000E+00
   1.03685E+03   0.00000E+00   9.23881E-01   7.61192E-02   0.00000E+00
   1.04185E+03   0.00000E+00   9.24395E-01   7.56055E-02   0.00000E+00
   1.04685E+03   0.00000E+00   9.24910E-01   7.50902E-02   0.00000E+00
   1.05185E+03   0.00000E+00   9.25427E-01   7.45733E-02   0.00000E+00
   1.05685E+03   0.00000E+00   9.25945E-01   7.40549E-02   0.00000E+00
   1.06185E+03   0.00000E+00   9.26465E-01   7.35351E-02   0.00000E+00
   1.06685E+03   0.00000E+00   9.26986E-01   7.30138E-02   0.00000E+00
   1.07185E+03   0.00000E+00   9.27509E-01   7.24911E-02   0.00000E+00
   1.07685E+03   0.00000E+00   9.28033E-01   7.19670E-02   0.00000E+00
   1.08185E+03   0.00000E+00   9.28558E-01   7.14415E-02   0.00000E+00
   1.08685E+03   0.00000E+00   9.29085E-01   7.09148E-02   0.00000E+00
   1.09185E+03   0.00000E+00   9.29613E-01   7.03867E-02   0.00000E+00
   1.09685E+03   0.00000E+00   9.30143E-01   6.98574E-02   0.00000E+00
   1.10185E+03   0.00000E+00   9.30673E-01   6.93269E-02   0.00000E+00
   1.10685E+03   0.00000E+00   9.31205E-01   6.87952E-02   0.00000E+00
   1.11185E+03   0.00000E+00   9.31738E-01   6.82623E-02   0.00000E+00
   1.11685E+03   0.00000E+00   9.32272E-01   6.77283E-02   0.00000E+00
   1.12185E+03   0.00000E+00   9.32807E-01   6.71933E-02   0.00000E+00
   1.12685E+03   0.00000E+00   9.33343E-01   6.66571E-02   0.00000E+00
   1.13185E+03   0.00000E+00   9.33880E-01   6.61199E-02   0.00000E+00
   1.13685E+03   0.00000E+00   9.34418E-01   6.55817E-02   0.00000E+00
   1.14185E+03   0.00000E+00   9.34957E-01   6.50425E-02   0.00000E+00
   1.14685E+03   0.00000E+00   9.35498E-01   6.45024E-02   0.00000E+00
   1.15185E+03   0.00000E+00   9.36039E-01   6.39613E-02   0.00000E+00
   1.15685E+03   0.00000E+00   9.36581E-01   6.34193E-02   0.00000E+00
   1.15780E+03   0.00000E+00   9.36684E-01   6.33160E-02   0.00000E+00

 Phase Region for:
     LIQUID                        
     FCC_A1                        
     GRAPHITE                      
 col-1=TEMP_C, col-2=VPV(BCC_A2), col-3=VPV(FCC_A1), col-4=VPV(GRAPHITE),
   col-5=VPV(LIQUID),
   1.15780E+03   0.00000E+00   9.36650E-01   6.33136E-02   3.59301E-05
   1.15924E+03   0.00000E+00   1.98204E-02   0.00000E+00   9.80180E-01

 Phase Region for:
     LIQUID                        
     FCC_A1                        
 col-1=TEMP_C, col-2=VPV(BCC_A2), col-3=VPV(FCC_A1), col-4=VPV(GRAPHITE),
   col-5=VPV(LIQUID),
   1.15924E+03   0.00000E+00   1.98204E-02   0.00000E+00   9.80180E-01
   1.16185E+03   0.00000E+00   8.22711E-03   0.00000E+00   9.91773E-01
   1.16369E+03   0.00000E+00   0.00000E+00   0.00000E+00   1.00000E+00

 Phase Region for:
     LIQUID                        
 col-1=TEMP_C, col-2=VPV(BCC_A2), col-3=VPV(FCC_A1), col-4=VPV(GRAPHITE),
   col-5=VPV(LIQUID),
   1.16369E+03   0.00000E+00   0.00000E+00   0.00000E+00   1.00000E+00
   1.16685E+03   0.00000E+00   0.00000E+00   0.00000E+00   1.00000E+00
   1.17185E+03   0.00000E+00   0.00000E+00   0.00000E+00   1.00000E+00
   1.17685E+03   0.00000E+00   0.00000E+00   0.00000E+00   1.00000E+00
   1.18185E+03   0.00000E+00   0.00000E+00   0.00000E+00   1.00000E+00
   1.18685E+03   0.00000E+00   0.00000E+00   0.00000E+00   1.00000E+00
   1.19185E+03   0.00000E+00   0.00000E+00   0.00000E+00   1.00000E+00
   1.19685E+03   0.00000E+00   0.00000E+00   0.00000E+00   1.00000E+00
   1.20185E+03   0.00000E+00   0.00000E+00   0.00000E+00   1.00000E+00
   1.20685E+03   0.00000E+00   0.00000E+00   0.00000E+00   1.00000E+00
   1.21185E+03   0.00000E+00   0.00000E+00   0.00000E+00   1.00000E+00
   1.21685E+03   0.00000E+00   0.00000E+00   0.00000E+00   1.00000E+00
   1.22185E+03   0.00000E+00   0.00000E+00   0.00000E+00   1.00000E+00
   1.22685E+03   0.00000E+00   0.00000E+00   0.00000E+00   1.00000E+00

 Phase Region for:
     BCC_A2                        
     GRAPHITE                      
 col-1=TEMP_C, col-2=VPV(BCC_A2), col-3=VPV(FCC_A1), col-4=VPV(GRAPHITE),
   col-5=VPV(LIQUID),
   7.26850E+02   8.86255E-01   0.00000E+00   1.13745E-01   0.00000E+00
   7.21850E+02   8.86225E-01   0.00000E+00   1.13775E-01   0.00000E+00
   7.16850E+02   8.86196E-01   0.00000E+00   1.13804E-01   0.00000E+00
   7.11850E+02   8.86168E-01   0.00000E+00   1.13832E-01   0.00000E+00
   7.06850E+02   8.86141E-01   0.00000E+00   1.13859E-01   0.00000E+00
   7.01850E+02   8.86115E-01   0.00000E+00   1.13885E-01   0.00000E+00
   6.96850E+02   8.86091E-01   0.00000E+00   1.13909E-01   0.00000E+00
   6.91850E+02   8.86067E-01   0.00000E+00   1.13933E-01   0.00000E+00
   6.86850E+02   8.86044E-01   0.00000E+00   1.13956E-01   0.00000E+00
   6.81850E+02   8.86021E-01   0.00000E+00   1.13979E-01   0.00000E+00
   6.76850E+02   8.86000E-01   0.00000E+00   1.14000E-01   0.00000E+00
   6.71850E+02   8.85979E-01   0.00000E+00   1.14021E-01   0.00000E+00
   6.66850E+02   8.85959E-01   0.00000E+00   1.14041E-01   0.00000E+00
   6.61850E+02   8.85940E-01   0.00000E+00   1.14060E-01   0.00000E+00
   6.56850E+02   8.85922E-01   0.00000E+00   1.14078E-01   0.00000E+00
   6.51850E+02   8.85904E-01   0.00000E+00   1.14096E-01   0.00000E+00
   6.46850E+02   8.85886E-01   0.00000E+00   1.14114E-01   0.00000E+00
   6.41850E+02   8.85870E-01   0.00000E+00   1.14130E-01   0.00000E+00
   6.36850E+02   8.85853E-01   0.00000E+00   1.14147E-01   0.00000E+00
   6.31850E+02   8.85838E-01   0.00000E+00   1.14162E-01   0.00000E+00
   6.26850E+02   8.85822E-01   0.00000E+00   1.14178E-01   0.00000E+00
   6.21850E+02   8.85807E-01   0.00000E+00   1.14193E-01   0.00000E+00
   6.16850E+02   8.85793E-01   0.00000E+00   1.14207E-01   0.00000E+00
   6.11850E+02   8.85779E-01   0.00000E+00   1.14221E-01   0.00000E+00
   6.06850E+02   8.85765E-01   0.00000E+00   1.14235E-01   0.00000E+00
   6.01850E+02   8.85752E-01   0.00000E+00   1.14248E-01   0.00000E+00
   5.96850E+02   8.85739E-01   0.00000E+00   1.14261E-01   0.00000E+00
   5.91850E+02   8.85727E-01   0.00000E+00   1.14273E-01   0.00000E+00
   5.91850E+02   8.85727E-01   0.00000E+00   1.14273E-01   0.00000E+00
   5.86850E+02   8.85715E-01   0.00000E+00   1.14285E-01   0.00000E+00
   5.81850E+02   8.85703E-01   0.00000E+00   1.14297E-01   0.00000E+00
   5.76850E+02   8.85691E-01   0.00000E+00   1.14309E-01   0.00000E+00
   5.71850E+02   8.85679E-01   0.00000E+00   1.14321E-01   0.00000E+00
   5.66850E+02   8.85668E-01   0.00000E+00   1.14332E-01   0.00000E+00
   5.61850E+02   8.85657E-01   0.00000E+00   1.14343E-01   0.00000E+00
   5.56850E+02   8.85647E-01   0.00000E+00   1.14353E-01   0.00000E+00
   5.51850E+02   8.85636E-01   0.00000E+00   1.14364E-01   0.00000E+00
   5.46850E+02   8.85626E-01   0.00000E+00   1.14374E-01   0.00000E+00
   5.41850E+02   8.85616E-01   0.00000E+00   1.14384E-01   0.00000E+00
   5.36850E+02   8.85606E-01   0.00000E+00   1.14394E-01   0.00000E+00
   5.31850E+02   8.85596E-01   0.00000E+00   1.14404E-01   0.00000E+00
   5.26850E+02   8.85586E-01   0.00000E+00   1.14414E-01   0.00000E+00
   5.21850E+02   8.85577E-01   0.00000E+00   1.14423E-01   0.00000E+00
   5.16850E+02   8.85567E-01   0.00000E+00   1.14433E-01   0.00000E+00
   5.11850E+02   8.85558E-01   0.00000E+00   1.14442E-01   0.00000E+00
   5.06850E+02   8.85549E-01   0.00000E+00   1.14451E-01   0.00000E+00
   5.01850E+02   8.85540E-01   0.00000E+00   1.14460E-01   0.00000E+00
   4.96850E+02   8.85531E-01   0.00000E+00   1.14469E-01   0.00000E+00
   4.91850E+02   8.85522E-01   0.00000E+00   1.14478E-01   0.00000E+00
   4.86850E+02   8.85514E-01   0.00000E+00   1.14486E-01   0.00000E+00
   4.81850E+02   8.85505E-01   0.00000E+00   1.14495E-01   0.00000E+00
   4.76850E+02   8.85497E-01   0.00000E+00   1.14503E-01   0.00000E+00
   4.71850E+02   8.85489E-01   0.00000E+00   1.14511E-01   0.00000E+00
   4.66850E+02   8.85480E-01   0.00000E+00   1.14520E-01   0.00000E+00
   4.61850E+02   8.85472E-01   0.00000E+00   1.14528E-01   0.00000E+00
   4.56850E+02   8.85464E-01   0.00000E+00   1.14536E-01   0.00000E+00
   4.51850E+02   8.85456E-01   0.00000E+00   1.14544E-01   0.00000E+00
   4.46850E+02   8.85448E-01   0.00000E+00   1.14552E-01   0.00000E+00
   4.41850E+02   8.85440E-01   0.00000E+00   1.14560E-01   0.00000E+00
   4.36850E+02   8.85432E-01   0.00000E+00   1.14568E-01   0.00000E+00
   4.31850E+02   8.85425E-01   0.00000E+00   1.14575E-01   0.00000E+00
   4.26850E+02   8.85417E-01   0.00000E+00   1.14583E-01   0.00000E+00
   4.21850E+02   8.85409E-01   0.00000E+00   1.14591E-01   0.00000E+00
   4.16850E+02   8.85402E-01   0.00000E+00   1.14598E-01   0.00000E+00
   4.11850E+02   8.85394E-01   0.00000E+00   1.14606E-01   0.00000E+00
   4.06850E+02   8.85387E-01   0.00000E+00   1.14613E-01   0.00000E+00
   4.01850E+02   8.85380E-01   0.00000E+00   1.14620E-01   0.00000E+00
   3.96850E+02   8.85372E-01   0.00000E+00   1.14628E-01   0.00000E+00
   3.91850E+02   8.85365E-01   0.00000E+00   1.14635E-01   0.00000E+00
   3.86850E+02   8.85358E-01   0.00000E+00   1.14642E-01   0.00000E+00
   3.81850E+02   8.85351E-01   0.00000E+00   1.14649E-01   0.00000E+00
   3.76850E+02   8.85344E-01   0.00000E+00   1.14656E-01   0.00000E+00
   3.71850E+02   8.85337E-01   0.00000E+00   1.14663E-01   0.00000E+00
   3.66850E+02   8.85330E-01   0.00000E+00   1.14670E-01   0.00000E+00
   3.61850E+02   8.85323E-01   0.00000E+00   1.14677E-01   0.00000E+00
   3.56850E+02   8.85316E-01   0.00000E+00   1.14684E-01   0.00000E+00
   3.51850E+02   8.85309E-01   0.00000E+00   1.14691E-01   0.00000E+00
   3.46850E+02   8.85303E-01   0.00000E+00   1.14697E-01   0.00000E+00
   3.41850E+02   8.85296E-01   0.00000E+00   1.14704E-01   0.00000E+00
   3.36850E+02   8.85289E-01   0.00000E+00   1.14711E-01   0.00000E+00
   3.31850E+02   8.85283E-01   0.00000E+00   1.14717E-01   0.00000E+00
   3.26850E+02   8.85276E-01   0.00000E+00   1.14724E-01   0.00000E+00
   3.21850E+02   8.85270E-01   0.00000E+00   1.14730E-01   0.00000E+00
   3.16850E+02   8.85263E-01   0.00000E+00   1.14737E-01   0.00000E+00
   3.11850E+02   8.85257E-01   0.00000E+00   1.14743E-01   0.00000E+00
   3.06850E+02   8.85251E-01   0.00000E+00   1.14749E-01   0.00000E+00
   3.01850E+02   8.85244E-01   0.00000E+00   1.14756E-01   0.00000E+00
   2.96850E+02   8.85238E-01   0.00000E+00   1.14762E-01   0.00000E+00
   2.91850E+02   8.85232E-01   0.00000E+00   1.14768E-01   0.00000E+00
   2.86850E+02   8.85226E-01   0.00000E+00   1.14774E-01   0.00000E+00
   2.81850E+02   8.85220E-01   0.00000E+00   1.14780E-01   0.00000E+00
   2.76850E+02   8.85214E-01   0.00000E+00   1.14786E-01   0.00000E+00
   2.71850E+02   8.85208E-01   0.00000E+00   1.14792E-01   0.00000E+00
   2.66850E+02   8.85202E-01   0.00000E+00   1.14798E-01   0.00000E+00
   2.61850E+02   8.85196E-01   0.00000E+00   1.14804E-01   0.00000E+00
   2.56850E+02   8.85190E-01   0.00000E+00   1.14810E-01   0.00000E+00
   2.51850E+02   8.85185E-01   0.00000E+00   1.14815E-01   0.00000E+00
   2.46850E+02   8.85179E-01   0.00000E+00   1.14821E-01   0.00000E+00
   2.41850E+02   8.85173E-01   0.00000E+00   1.14827E-01   0.00000E+00
   2.36850E+02   8.85168E-01   0.00000E+00   1.14832E-01   0.00000E+00
   2.31850E+02   8.85162E-01   0.00000E+00   1.14838E-01   0.00000E+00
   2.26850E+02   8.85157E-01   0.00000E+00   1.14843E-01   0.00000E+00
   2.21850E+02   8.85151E-01   0.00000E+00   1.14849E-01   0.00000E+00
   2.16850E+02   8.85146E-01   0.00000E+00   1.14854E-01   0.00000E+00
   2.11850E+02   8.85140E-01   0.00000E+00   1.14860E-01   0.00000E+00
   2.06850E+02   8.85135E-01   0.00000E+00   1.14865E-01   0.00000E+00
   2.01850E+02   8.85130E-01   0.00000E+00   1.14870E-01   0.00000E+00
   1.96850E+02   8.85125E-01   0.00000E+00   1.14875E-01   0.00000E+00
   1.91850E+02   8.85119E-01   0.00000E+00   1.14881E-01   0.00000E+00
   1.86850E+02   8.85114E-01   0.00000E+00   1.14886E-01   0.00000E+00
   1.86108E+02   8.85114E-01   0.00000E+00   1.14886E-01   0.00000E+00

 Phase Region for:
     BCC_A2                        
     CEMENTITE                     
     GRAPHITE                      
 col-1=TEMP_C, col-2=VPV(BCC_A2), col-3=VPV(FCC_A1), col-4=VPV(GRAPHITE),
   col-5=VPV(LIQUID),
   1.86108E+02   8.85114E-01   0.00000E+00   1.14886E-01   0.00000E+00
   1.81850E+02   8.85118E-01   0.00000E+00   1.14863E-01   0.00000E+00
   1.76850E+02   8.85124E-01   0.00000E+00   1.14837E-01   0.00000E+00
   1.71850E+02   8.85131E-01   0.00000E+00   1.14813E-01   0.00000E+00
   1.66850E+02   8.85139E-01   0.00000E+00   1.14791E-01   0.00000E+00
   1.61850E+02   8.85148E-01   0.00000E+00   1.14770E-01   0.00000E+00
   1.56850E+02   8.85157E-01   0.00000E+00   1.14751E-01   0.00000E+00
   1.51850E+02   8.85167E-01   0.00000E+00   1.14733E-01   0.00000E+00
   1.46850E+02   8.85177E-01   0.00000E+00   1.14716E-01   0.00000E+00
   1.41850E+02   8.85188E-01   0.00000E+00   1.14701E-01   0.00000E+00
   1.36850E+02   8.85198E-01   0.00000E+00   1.14688E-01   0.00000E+00
   1.31850E+02   8.85209E-01   0.00000E+00   1.14675E-01   0.00000E+00
   1.26850E+02   8.85220E-01   0.00000E+00   1.14663E-01   0.00000E+00
   1.21850E+02   8.85230E-01   0.00000E+00   1.14653E-01   0.00000E+00
   1.16850E+02   8.85240E-01   0.00000E+00   1.14644E-01   0.00000E+00
   1.11850E+02   8.85250E-01   0.00000E+00   1.14636E-01   0.00000E+00
   1.06850E+02   8.85260E-01   0.00000E+00   1.14628E-01   0.00000E+00
   1.01850E+02   8.85269E-01   0.00000E+00   1.14622E-01   0.00000E+00
   9.68500E+01   8.85278E-01   0.00000E+00   1.14617E-01   0.00000E+00
   9.18500E+01   8.85286E-01   0.00000E+00   1.14612E-01   0.00000E+00
   8.68500E+01   8.85294E-01   0.00000E+00   1.14608E-01   0.00000E+00
   8.18500E+01   8.85301E-01   0.00000E+00   1.14605E-01   0.00000E+00
   7.68500E+01   8.85308E-01   0.00000E+00   1.14602E-01   0.00000E+00
   7.18500E+01   8.85315E-01   0.00000E+00   1.14600E-01   0.00000E+00
   6.68500E+01   8.85321E-01   0.00000E+00   1.14599E-01   0.00000E+00
   6.18500E+01   8.85326E-01   0.00000E+00   1.14598E-01   0.00000E+00
   5.68500E+01   8.85331E-01   0.00000E+00   1.14597E-01   0.00000E+00
   5.18500E+01   8.85335E-01   0.00000E+00   1.14597E-01   0.00000E+00
   4.68500E+01   8.85339E-01   0.00000E+00   1.14598E-01   0.00000E+00
   4.18500E+01   8.85343E-01   0.00000E+00   1.14599E-01   0.00000E+00
   3.68500E+01   8.85346E-01   0.00000E+00   1.14600E-01   0.00000E+00
   3.18500E+01   8.85348E-01   0.00000E+00   1.14601E-01   0.00000E+00
   2.68500E+01   8.85350E-01   0.00000E+00   1.14603E-01   0.00000E+00
   2.18500E+01   8.85352E-01   0.00000E+00   1.14605E-01   0.00000E+00
   1.68500E+01   8.85353E-01   0.00000E+00   1.14607E-01   0.00000E+00
   1.18500E+01   8.85354E-01   0.00000E+00   1.14609E-01   0.00000E+00
   6.85000E+00   8.85355E-01   0.00000E+00   1.14612E-01   0.00000E+00
   1.85000E+00   8.85356E-01   0.00000E+00   1.14614E-01   0.00000E+00
  -3.15000E+00   8.85356E-01   0.00000E+00   1.14617E-01   0.00000E+00
  -8.15000E+00   8.85356E-01   0.00000E+00   1.14620E-01   0.00000E+00
  -1.31500E+01   8.85355E-01   0.00000E+00   1.14622E-01   0.00000E+00
  -1.81500E+01   8.85355E-01   0.00000E+00   1.14625E-01   0.00000E+00
  -2.31500E+01   8.85354E-01   0.00000E+00   1.14628E-01   0.00000E+00
  -2.81500E+01   8.85353E-01   0.00000E+00   1.14631E-01   0.00000E+00
  -3.31500E+01   8.85352E-01   0.00000E+00   1.14634E-01   0.00000E+00
  -3.81500E+01   8.85351E-01   0.00000E+00   1.14637E-01   0.00000E+00
  -4.31500E+01   8.85349E-01   0.00000E+00   1.14640E-01   0.00000E+00
  -4.81500E+01   8.85348E-01   0.00000E+00   1.14642E-01   0.00000E+00
  -5.31500E+01   8.85346E-01   0.00000E+00   1.14645E-01   0.00000E+00
  -5.81500E+01   8.85345E-01   0.00000E+00   1.14648E-01   0.00000E+00
  -6.31500E+01   8.85343E-01   0.00000E+00   1.14651E-01   0.00000E+00
  -6.81500E+01   8.85341E-01   0.00000E+00   1.14653E-01   0.00000E+00
  -7.31499E+01   8.85340E-01   0.00000E+00   1.14656E-01   0.00000E+00

 Phase Region for:
     FCC_A1                        
     GRAPHITE                      
 col-1=TEMP_C, col-2=VPV(BCC_A2), col-3=VPV(FCC_A1), col-4=VPV(GRAPHITE),
   col-5=VPV(LIQUID),
   8.79850E+02   0.00000E+00   9.08770E-01   9.12303E-02   0.00000E+00
   8.84850E+02   0.00000E+00   9.09214E-01   9.07859E-02   0.00000E+00
   8.89850E+02   0.00000E+00   9.09661E-01   9.03387E-02   0.00000E+00
   8.94850E+02   0.00000E+00   9.10111E-01   8.98887E-02   0.00000E+00
   8.99850E+02   0.00000E+00   9.10564E-01   8.94359E-02   0.00000E+00
   9.04850E+02   0.00000E+00   9.11020E-01   8.89804E-02   0.00000E+00
   9.09850E+02   0.00000E+00   9.11478E-01   8.85223E-02   0.00000E+00
   9.14850E+02   0.00000E+00   9.11939E-01   8.80615E-02   0.00000E+00
   9.19850E+02   0.00000E+00   9.12402E-01   8.75982E-02   0.00000E+00
   9.24850E+02   0.00000E+00   9.12868E-01   8.71323E-02   0.00000E+00
   9.29850E+02   0.00000E+00   9.13336E-01   8.66639E-02   0.00000E+00
   9.34850E+02   0.00000E+00   9.13807E-01   8.61931E-02   0.00000E+00
   9.39850E+02   0.00000E+00   9.14280E-01   8.57199E-02   0.00000E+00
   9.44850E+02   0.00000E+00   9.14756E-01   8.52443E-02   0.00000E+00
   9.49850E+02   0.00000E+00   9.15234E-01   8.47664E-02   0.00000E+00
   9.54850E+02   0.00000E+00   9.15714E-01   8.42861E-02   0.00000E+00
   9.59850E+02   0.00000E+00   9.16196E-01   8.38037E-02   0.00000E+00
   9.64850E+02   0.00000E+00   9.16681E-01   8.33190E-02   0.00000E+00
   9.69850E+02   0.00000E+00   9.17168E-01   8.28322E-02   0.00000E+00
   9.74850E+02   0.00000E+00   9.17657E-01   8.23433E-02   0.00000E+00
   9.79850E+02   0.00000E+00   9.18148E-01   8.18522E-02   0.00000E+00
   9.84850E+02   0.00000E+00   9.18641E-01   8.13591E-02   0.00000E+00
   9.89850E+02   0.00000E+00   9.19136E-01   8.08641E-02   0.00000E+00
   9.94850E+02   0.00000E+00   9.19633E-01   8.03670E-02   0.00000E+00
   9.99850E+02   0.00000E+00   9.20132E-01   7.98680E-02   0.00000E+00
   1.00485E+03   0.00000E+00   9.20633E-01   7.93671E-02   0.00000E+00
   1.00985E+03   0.00000E+00   9.21136E-01   7.88644E-02   0.00000E+00
   1.01485E+03   0.00000E+00   9.21640E-01   7.83599E-02   0.00000E+00
   1.01985E+03   0.00000E+00   9.22146E-01   7.78535E-02   0.00000E+00
   1.02485E+03   0.00000E+00   9.22655E-01   7.73455E-02   0.00000E+00
   1.02985E+03   0.00000E+00   9.23164E-01   7.68357E-02   0.00000E+00
   1.03485E+03   0.00000E+00   9.23676E-01   7.63242E-02   0.00000E+00
   1.03985E+03   0.00000E+00   9.24189E-01   7.58112E-02   0.00000E+00
   1.04485E+03   0.00000E+00   9.24704E-01   7.52965E-02   0.00000E+00
   1.04985E+03   0.00000E+00   9.25220E-01   7.47802E-02   0.00000E+00
   1.05485E+03   0.00000E+00   9.25738E-01   7.42625E-02   0.00000E+00
   1.05985E+03   0.00000E+00   9.26257E-01   7.37432E-02   0.00000E+00
   1.06485E+03   0.00000E+00   9.26778E-01   7.32225E-02   0.00000E+00
   1.06985E+03   0.00000E+00   9.27300E-01   7.27003E-02   0.00000E+00
   1.07485E+03   0.00000E+00   9.27823E-01   7.21768E-02   0.00000E+00
   1.07985E+03   0.00000E+00   9.28348E-01   7.16519E-02   0.00000E+00
   1.08485E+03   0.00000E+00   9.28874E-01   7.11256E-02   0.00000E+00
   1.08985E+03   0.00000E+00   9.29402E-01   7.05981E-02   0.00000E+00
   1.09485E+03   0.00000E+00   9.29931E-01   7.00693E-02   0.00000E+00
   1.09985E+03   0.00000E+00   9.30461E-01   6.95393E-02   0.00000E+00
   1.10485E+03   0.00000E+00   9.30992E-01   6.90080E-02   0.00000E+00
   1.10985E+03   0.00000E+00   9.31524E-01   6.84756E-02   0.00000E+00
   1.11485E+03   0.00000E+00   9.32058E-01   6.79421E-02   0.00000E+00
   1.11985E+03   0.00000E+00   9.32593E-01   6.74074E-02   0.00000E+00
   1.12485E+03   0.00000E+00   9.33128E-01   6.68717E-02   0.00000E+00
   1.12985E+03   0.00000E+00   9.33665E-01   6.63349E-02   0.00000E+00
   1.13485E+03   0.00000E+00   9.34203E-01   6.57971E-02   0.00000E+00
   1.13985E+03   0.00000E+00   9.34742E-01   6.52583E-02   0.00000E+00
   1.14485E+03   0.00000E+00   9.35281E-01   6.47185E-02   0.00000E+00
   1.14985E+03   0.00000E+00   9.35822E-01   6.41778E-02   0.00000E+00
   1.15485E+03   0.00000E+00   9.36364E-01   6.36362E-02   0.00000E+00
   1.15780E+03   0.00000E+00   9.36684E-01   6.33160E-02   0.00000E+00

 Phase Region for:
     LIQUID                        
     FCC_A1                        
     GRAPHITE                      
 col-1=TEMP_C, col-2=VPV(BCC_A2), col-3=VPV(FCC_A1), col-4=VPV(GRAPHITE),
   col-5=VPV(LIQUID),
   1.15780E+03   0.00000E+00   9.36650E-01   6.33136E-02   3.59301E-05
   1.15924E+03   0.00000E+00   1.98204E-02   0.00000E+00   9.80180E-01

 Phase Region for:
     LIQUID                        
     FCC_A1                        
 col-1=TEMP_C, col-2=VPV(BCC_A2), col-3=VPV(FCC_A1), col-4=VPV(GRAPHITE),
   col-5=VPV(LIQUID),
   1.15924E+03   0.00000E+00   1.98204E-02   0.00000E+00   9.80180E-01
   1.15985E+03   0.00000E+00   1.71324E-02   0.00000E+00   9.82868E-01
   1.16369E+03   0.00000E+00   0.00000E+00   0.00000E+00   1.00000E+00

 Phase Region for:
     LIQUID                        
 col-1=TEMP_C, col-2=VPV(BCC_A2), col-3=VPV(FCC_A1), col-4=VPV(GRAPHITE),
   col-5=VPV(LIQUID),
   1.16369E+03   0.00000E+00   0.00000E+00   0.00000E+00   1.00000E+00
   1.16485E+03   0.00000E+00   0.00000E+00   0.00000E+00   1.00000E+00
   1.16985E+03   0.00000E+00   0.00000E+00   0.00000E+00   1.00000E+00
   1.17485E+03   0.00000E+00   0.00000E+00   0.00000E+00   1.00000E+00
   1.17985E+03   0.00000E+00   0.00000E+00   0.00000E+00   1.00000E+00
   1.18485E+03   0.00000E+00   0.00000E+00   0.00000E+00   1.00000E+00
   1.18985E+03   0.00000E+00   0.00000E+00   0.00000E+00   1.00000E+00
   1.19485E+03   0.00000E+00   0.00000E+00   0.00000E+00   1.00000E+00
   1.19985E+03   0.00000E+00   0.00000E+00   0.00000E+00   1.00000E+00
   1.20485E+03   0.00000E+00   0.00000E+00   0.00000E+00   1.00000E+00
   1.20985E+03   0.00000E+00   0.00000E+00   0.00000E+00   1.00000E+00
   1.21485E+03   0.00000E+00   0.00000E+00   0.00000E+00   1.00000E+00
   1.21985E+03   0.00000E+00   0.00000E+00   0.00000E+00   1.00000E+00
   1.22485E+03   0.00000E+00   0.00000E+00   0.00000E+00   1.00000E+00
   1.22985E+03   0.00000E+00   0.00000E+00   0.00000E+00   1.00000E+00
   1.23485E+03   0.00000E+00   0.00000E+00   0.00000E+00   1.00000E+00
   1.23985E+03   0.00000E+00   0.00000E+00   0.00000E+00   1.00000E+00
   1.24485E+03   0.00000E+00   0.00000E+00   0.00000E+00   1.00000E+00
   1.24985E+03   0.00000E+00   0.00000E+00   0.00000E+00   1.00000E+00
   1.25485E+03   0.00000E+00   0.00000E+00   0.00000E+00   1.00000E+00
   1.25985E+03   0.00000E+00   0.00000E+00   0.00000E+00   1.00000E+00
   1.26485E+03   0.00000E+00   0.00000E+00   0.00000E+00   1.00000E+00
   1.26985E+03   0.00000E+00   0.00000E+00   0.00000E+00   1.00000E+00
   1.27485E+03   0.00000E+00   0.00000E+00   0.00000E+00   1.00000E+00
   1.27985E+03   0.00000E+00   0.00000E+00   0.00000E+00   1.00000E+00
   1.28485E+03   0.00000E+00   0.00000E+00   0.00000E+00   1.00000E+00
   1.28985E+03   0.00000E+00   0.00000E+00   0.00000E+00   1.00000E+00
   1.29485E+03   0.00000E+00   0.00000E+00   0.00000E+00   1.00000E+00
   1.29985E+03   0.00000E+00   0.00000E+00   0.00000E+00   1.00000E+00
   1.30485E+03   0.00000E+00   0.00000E+00   0.00000E+00   1.00000E+00
   1.30985E+03   0.00000E+00   0.00000E+00   0.00000E+00   1.00000E+00
   1.31485E+03   0.00000E+00   0.00000E+00   0.00000E+00   1.00000E+00
   1.31985E+03   0.00000E+00   0.00000E+00   0.00000E+00   1.00000E+00
   1.32485E+03   0.00000E+00   0.00000E+00   0.00000E+00   1.00000E+00
   1.32985E+03   0.00000E+00   0.00000E+00   0.00000E+00   1.00000E+00
   1.33485E+03   0.00000E+00   0.00000E+00   0.00000E+00   1.00000E+00
   1.33985E+03   0.00000E+00   0.00000E+00   0.00000E+00   1.00000E+00
   1.34485E+03   0.00000E+00   0.00000E+00   0.00000E+00   1.00000E+00
   1.34985E+03   0.00000E+00   0.00000E+00   0.00000E+00   1.00000E+00
   1.35485E+03   0.00000E+00   0.00000E+00   0.00000E+00   1.00000E+00
   1.35985E+03   0.00000E+00   0.00000E+00   0.00000E+00   1.00000E+00
   1.36485E+03   0.00000E+00   0.00000E+00   0.00000E+00   1.00000E+00
   1.36985E+03   0.00000E+00   0.00000E+00   0.00000E+00   1.00000E+00
   1.37485E+03   0.00000E+00   0.00000E+00   0.00000E+00   1.00000E+00
   1.37985E+03   0.00000E+00   0.00000E+00   0.00000E+00   1.00000E+00
   1.38485E+03   0.00000E+00   0.00000E+00   0.00000E+00   1.00000E+00
   1.38985E+03   0.00000E+00   0.00000E+00   0.00000E+00   1.00000E+00
   1.39485E+03   0.00000E+00   0.00000E+00   0.00000E+00   1.00000E+00
   1.39985E+03   0.00000E+00   0.00000E+00   0.00000E+00   1.00000E+00
   1.40485E+03   0.00000E+00   0.00000E+00   0.00000E+00   1.00000E+00
   1.40985E+03   0.00000E+00   0.00000E+00   0.00000E+00   1.00000E+00
   1.41485E+03   0.00000E+00   0.00000E+00   0.00000E+00   1.00000E+00
   1.41985E+03   0.00000E+00   0.00000E+00   0.00000E+00   1.00000E+00
   1.42485E+03   0.00000E+00   0.00000E+00   0.00000E+00   1.00000E+00
   1.42985E+03   0.00000E+00   0.00000E+00   0.00000E+00   1.00000E+00
   1.43485E+03   0.00000E+00   0.00000E+00   0.00000E+00   1.00000E+00
   1.43985E+03   0.00000E+00   0.00000E+00   0.00000E+00   1.00000E+00
   1.44485E+03   0.00000E+00   0.00000E+00   0.00000E+00   1.00000E+00
   1.44985E+03   0.00000E+00   0.00000E+00   0.00000E+00   1.00000E+00
   1.45485E+03   0.00000E+00   0.00000E+00   0.00000E+00   1.00000E+00
   1.45985E+03   0.00000E+00   0.00000E+00   0.00000E+00   1.00000E+00
   1.46485E+03   0.00000E+00   0.00000E+00   0.00000E+00   1.00000E+00
   1.46985E+03   0.00000E+00   0.00000E+00   0.00000E+00   1.00000E+00
   1.47485E+03   0.00000E+00   0.00000E+00   0.00000E+00   1.00000E+00
   1.47985E+03   0.00000E+00   0.00000E+00   0.00000E+00   1.00000E+00
   1.48485E+03   0.00000E+00   0.00000E+00   0.00000E+00   1.00000E+00
   1.48985E+03   0.00000E+00   0.00000E+00   0.00000E+00   1.00000E+00
   1.49485E+03   0.00000E+00   0.00000E+00   0.00000E+00   1.00000E+00
   1.49985E+03   0.00000E+00   0.00000E+00   0.00000E+00   1.00000E+00
   1.50485E+03   0.00000E+00   0.00000E+00   0.00000E+00   1.00000E+00
   1.50985E+03   0.00000E+00   0.00000E+00   0.00000E+00   1.00000E+00
   1.51485E+03   0.00000E+00   0.00000E+00   0.00000E+00   1.00000E+00
   1.51985E+03   0.00000E+00   0.00000E+00   0.00000E+00   1.00000E+00
   1.52485E+03   0.00000E+00   0.00000E+00   0.00000E+00   1.00000E+00
   1.52985E+03   0.00000E+00   0.00000E+00   0.00000E+00   1.00000E+00
   1.53485E+03   0.00000E+00   0.00000E+00   0.00000E+00   1.00000E+00
   1.53985E+03   0.00000E+00   0.00000E+00   0.00000E+00   1.00000E+00
   1.53985E+03   0.00000E+00   0.00000E+00   0.00000E+00   1.00000E+00
   1.54485E+03   0.00000E+00   0.00000E+00   0.00000E+00   1.00000E+00
   1.54985E+03   0.00000E+00   0.00000E+00   0.00000E+00   1.00000E+00
   1.55485E+03   0.00000E+00   0.00000E+00   0.00000E+00   1.00000E+00
   1.55985E+03   0.00000E+00   0.00000E+00   0.00000E+00   1.00000E+00
   1.56485E+03   0.00000E+00   0.00000E+00   0.00000E+00   1.00000E+00
   1.56985E+03   0.00000E+00   0.00000E+00   0.00000E+00   1.00000E+00
   1.57485E+03   0.00000E+00   0.00000E+00   0.00000E+00   1.00000E+00
   1.57985E+03   0.00000E+00   0.00000E+00   0.00000E+00   1.00000E+00
   1.58485E+03   0.00000E+00   0.00000E+00   0.00000E+00   1.00000E+00
   1.58985E+03   0.00000E+00   0.00000E+00   0.00000E+00   1.00000E+00
   1.59485E+03   0.00000E+00   0.00000E+00   0.00000E+00   1.00000E+00
   1.59985E+03   0.00000E+00   0.00000E+00   0.00000E+00   1.00000E+00
   1.60485E+03   0.00000E+00   0.00000E+00   0.00000E+00   1.00000E+00
   1.60985E+03   0.00000E+00   0.00000E+00   0.00000E+00   1.00000E+00
   1.61485E+03   0.00000E+00   0.00000E+00   0.00000E+00   1.00000E+00
   1.61985E+03   0.00000E+00   0.00000E+00   0.00000E+00   1.00000E+00
   1.62485E+03   0.00000E+00   0.00000E+00   0.00000E+00   1.00000E+00
   1.62985E+03   0.00000E+00   0.00000E+00   0.00000E+00   1.00000E+00
   1.63485E+03   0.00000E+00   0.00000E+00   0.00000E+00   1.00000E+00
   1.63985E+03   0.00000E+00   0.00000E+00   0.00000E+00   1.00000E+00
   1.64485E+03   0.00000E+00   0.00000E+00   0.00000E+00   1.00000E+00
   1.64985E+03   0.00000E+00   0.00000E+00   0.00000E+00   1.00000E+00
   1.65485E+03   0.00000E+00   0.00000E+00   0.00000E+00   1.00000E+00
   1.65985E+03   0.00000E+00   0.00000E+00   0.00000E+00   1.00000E+00
   1.66485E+03   0.00000E+00   0.00000E+00   0.00000E+00   1.00000E+00
   1.66985E+03   0.00000E+00   0.00000E+00   0.00000E+00   1.00000E+00
   1.67485E+03   0.00000E+00   0.00000E+00   0.00000E+00   1.00000E+00
   1.67985E+03   0.00000E+00   0.00000E+00   0.00000E+00   1.00000E+00
   1.68485E+03   0.00000E+00   0.00000E+00   0.00000E+00   1.00000E+00
   1.68985E+03   0.00000E+00   0.00000E+00   0.00000E+00   1.00000E+00
   1.69485E+03   0.00000E+00   0.00000E+00   0.00000E+00   1.00000E+00
   1.69985E+03   0.00000E+00   0.00000E+00   0.00000E+00   1.00000E+00
   1.70485E+03   0.00000E+00   0.00000E+00   0.00000E+00   1.00000E+00
   1.70985E+03   0.00000E+00   0.00000E+00   0.00000E+00   1.00000E+00
   1.71485E+03   0.00000E+00   0.00000E+00   0.00000E+00   1.00000E+00
   1.71985E+03   0.00000E+00   0.00000E+00   0.00000E+00   1.00000E+00
   1.72485E+03   0.00000E+00   0.00000E+00   0.00000E+00   1.00000E+00
   1.72685E+03   0.00000E+00   0.00000E+00   0.00000E+00   1.00000E+00

 Phase Region for:
     FCC_A1                        
     GRAPHITE                      
 col-1=TEMP_C, col-2=VPV(BCC_A2), col-3=VPV(FCC_A1), col-4=VPV(GRAPHITE),
   col-5=VPV(LIQUID),
   8.79850E+02   0.00000E+00   9.08770E-01   9.12303E-02   0.00000E+00
   8.74850E+02   0.00000E+00   9.08328E-01   9.16719E-02   0.00000E+00
   8.69850E+02   0.00000E+00   9.07890E-01   9.21105E-02   0.00000E+00
   8.64850E+02   0.00000E+00   9.07454E-01   9.25461E-02   0.00000E+00
   8.59850E+02   0.00000E+00   9.07021E-01   9.29788E-02   0.00000E+00
   8.54850E+02   0.00000E+00   9.06592E-01   9.34084E-02   0.00000E+00
   8.49850E+02   0.00000E+00   9.06165E-01   9.38349E-02   0.00000E+00
   8.44850E+02   0.00000E+00   9.05742E-01   9.42583E-02   0.00000E+00
   8.39850E+02   0.00000E+00   9.05322E-01   9.46785E-02   0.00000E+00
   8.34850E+02   0.00000E+00   9.04905E-01   9.50955E-02   0.00000E+00
   8.29850E+02   0.00000E+00   9.04491E-01   9.55092E-02   0.00000E+00
   8.24850E+02   0.00000E+00   9.04080E-01   9.59196E-02   0.00000E+00
   8.19850E+02   0.00000E+00   9.03673E-01   9.63267E-02   0.00000E+00
   8.15329E+02   0.00000E+00   9.03308E-01   9.66918E-02   0.00000E+00

 Phase Region for:
     BCC_A2                        
     FCC_A1                        
     GRAPHITE                      
 col-1=TEMP_C, col-2=VPV(BCC_A2), col-3=VPV(FCC_A1), col-4=VPV(GRAPHITE),
   col-5=VPV(LIQUID),
   8.15329E+02   1.30148E-06   9.03307E-01   9.66919E-02   0.00000E+00
   8.14850E+02   1.24973E-02   8.90576E-01   9.69270E-02   0.00000E+00
   8.09850E+02   1.46096E-01   7.54465E-01   9.94393E-02   0.00000E+00
   8.04850E+02   2.84964E-01   6.12987E-01   1.02049E-01   0.00000E+00
   7.99850E+02   4.27761E-01   4.67508E-01   1.04731E-01   0.00000E+00
   7.94850E+02   5.71932E-01   3.20631E-01   1.07437E-01   0.00000E+00
   7.89850E+02   7.13110E-01   1.76810E-01   1.10080E-01   0.00000E+00
   7.84850E+02   8.44799E-01   4.26687E-02   1.12532E-01   0.00000E+00
   7.83122E+02   8.86693E-01   0.00000E+00   1.13307E-01   0.00000E+00

 Phase Region for:
     BCC_A2                        
     GRAPHITE                      
 col-1=TEMP_C, col-2=VPV(BCC_A2), col-3=VPV(FCC_A1), col-4=VPV(GRAPHITE),
   col-5=VPV(LIQUID),
   7.83122E+02   8.86693E-01   0.00000E+00   1.13307E-01   0.00000E+00
   7.79850E+02   8.86662E-01   0.00000E+00   1.13338E-01   0.00000E+00
   7.74850E+02   8.86616E-01   0.00000E+00   1.13384E-01   0.00000E+00
   7.69850E+02   8.86571E-01   0.00000E+00   1.13429E-01   0.00000E+00
   7.64850E+02   8.86529E-01   0.00000E+00   1.13471E-01   0.00000E+00
   7.59850E+02   8.86488E-01   0.00000E+00   1.13512E-01   0.00000E+00
   7.54850E+02   8.86448E-01   0.00000E+00   1.13552E-01   0.00000E+00
   7.49850E+02   8.86411E-01   0.00000E+00   1.13589E-01   0.00000E+00
   7.44850E+02   8.86374E-01   0.00000E+00   1.13626E-01   0.00000E+00
   7.39850E+02   8.86340E-01   0.00000E+00   1.13660E-01   0.00000E+00
   7.34850E+02   8.86306E-01   0.00000E+00   1.13694E-01   0.00000E+00
   7.29850E+02   8.86274E-01   0.00000E+00   1.13726E-01   0.00000E+00
   7.24850E+02   8.86243E-01   0.00000E+00   1.13757E-01   0.00000E+00
   7.19850E+02   8.86213E-01   0.00000E+00   1.13787E-01   0.00000E+00
   7.14850E+02   8.86185E-01   0.00000E+00   1.13815E-01   0.00000E+00
   7.09850E+02   8.86157E-01   0.00000E+00   1.13843E-01   0.00000E+00
   7.04850E+02   8.86131E-01   0.00000E+00   1.13869E-01   0.00000E+00
   6.99850E+02   8.86105E-01   0.00000E+00   1.13895E-01   0.00000E+00
   6.94850E+02   8.86081E-01   0.00000E+00   1.13919E-01   0.00000E+00
   6.89850E+02   8.86057E-01   0.00000E+00   1.13943E-01   0.00000E+00
   6.84850E+02   8.86035E-01   0.00000E+00   1.13965E-01   0.00000E+00
   6.79850E+02   8.86013E-01   0.00000E+00   1.13987E-01   0.00000E+00
   6.74850E+02   8.85992E-01   0.00000E+00   1.14008E-01   0.00000E+00
   6.69850E+02   8.85971E-01   0.00000E+00   1.14029E-01   0.00000E+00
   6.64850E+02   8.85952E-01   0.00000E+00   1.14048E-01   0.00000E+00
   6.59850E+02   8.85933E-01   0.00000E+00   1.14067E-01   0.00000E+00
   6.54850E+02   8.85914E-01   0.00000E+00   1.14086E-01   0.00000E+00
   6.49850E+02   8.85897E-01   0.00000E+00   1.14103E-01   0.00000E+00
   6.44850E+02   8.85880E-01   0.00000E+00   1.14120E-01   0.00000E+00
   6.39850E+02   8.85863E-01   0.00000E+00   1.14137E-01   0.00000E+00
   6.34850E+02   8.85847E-01   0.00000E+00   1.14153E-01   0.00000E+00
   6.29850E+02   8.85831E-01   0.00000E+00   1.14169E-01   0.00000E+00
   6.24850E+02   8.85816E-01   0.00000E+00   1.14184E-01   0.00000E+00
   6.19850E+02   8.85802E-01   0.00000E+00   1.14198E-01   0.00000E+00
   6.14850E+02   8.85787E-01   0.00000E+00   1.14213E-01   0.00000E+00
   6.09850E+02   8.85774E-01   0.00000E+00   1.14226E-01   0.00000E+00
   6.04850E+02   8.85760E-01   0.00000E+00   1.14240E-01   0.00000E+00
