
 Phase Region for:
     LIQUID                        
 col-1=T, col-2=NP(LIQUID),
   1.80000E+03   1.00000E+00
   1.80500E+03   1.00000E+00
   1.81000E+03   1.00000E+00
   1.81500E+03   1.00000E+00
   1.82000E+03   1.00000E+00
   1.82500E+03   1.00000E+00
   1.83000E+03   1.00000E+00
   1.83500E+03   1.00000E+00
   1.84000E+03   1.00000E+00
   1.84500E+03   1.00000E+00
   1.85000E+03   1.00000E+00
   1.85500E+03   1.00000E+00
   1.86000E+03   1.00000E+00
   1.86500E+03   1.00000E+00
   1.87000E+03   1.00000E+00
   1.87500E+03   1.00000E+00
   1.88000E+03   1.00000E+00
   1.88500E+03   1.00000E+00
   1.89000E+03   1.00000E+00
   1.89500E+03   1.00000E+00
   1.90000E+03   1.00000E+00
   1.90500E+03   1.00000E+00
   1.91000E+03   1.00000E+00
   1.91500E+03   1.00000E+00
   1.92000E+03   1.00000E+00
   1.92500E+03   1.00000E+00
   1.93000E+03   1.00000E+00
   1.93500E+03   1.00000E+00
   1.94000E+03   1.00000E+00
   1.94500E+03   1.00000E+00
   1.95000E+03   1.00000E+00
   1.95500E+03   1.00000E+00
   1.96000E+03   1.00000E+00
   1.96500E+03   1.00000E+00
   1.97000E+03   1.00000E+00
   1.97500E+03   1.00000E+00
   1.98000E+03   1.00000E+00
   1.98500E+03   1.00000E+00
   1.99000E+03   1.00000E+00
   1.99500E+03   1.00000E+00
   2.00000E+03   1.00000E+00

 Phase Region for:
     LIQUID                        
 col-1=T, col-2=NP(LIQUID),
   1.80000E+03   1.00000E+00
   1.79500E+03   1.00000E+00
   1.79063E+03   1.00000E+00

 Phase Region for:
     LIQUID                        
     BCC_A2                        
 col-1=T, col-2=NP(LIQUID), col-3=NP(BCC_A2),
   1.79063E+03   9.99986E-01   1.40409E-05
   1.79000E+03   8.39475E-01   1.60525E-01
   1.78500E+03   2.50838E-01   7.49162E-01
   1.78000E+03   7.62194E-02   9.23781E-01
   1.77506E+03   0.00000E+00   1.00000E+00

 Phase Region for:
     BCC_A2                        
 col-1=T, col-2=NP(BCC_A2),
   1.77506E+03   1.00000E+00
   1.77500E+03   1.00000E+00
   1.77000E+03   1.00000E+00
   1.76500E+03   1.00000E+00
   1.76500E+03   1.00000E+00
   1.76000E+03   1.00000E+00
   1.75500E+03   1.00000E+00
   1.75000E+03   1.00000E+00
   1.74500E+03   1.00000E+00
   1.74000E+03   1.00000E+00
   1.73500E+03   1.00000E+00
   1.73000E+03   1.00000E+00
   1.72500E+03   1.00000E+00
   1.72000E+03   1.00000E+00
   1.71500E+03   1.00000E+00
   1.71000E+03   1.00000E+00
   1.70500E+03   1.00000E+00
   1.70000E+03   1.00000E+00
   1.69500E+03   1.00000E+00
   1.69000E+03   1.00000E+00
   1.68500E+03   1.00000E+00
   1.68000E+03   1.00000E+00
   1.67500E+03   1.00000E+00
   1.67000E+03   1.00000E+00
   1.66500E+03   1.00000E+00
   1.66000E+03   1.00000E+00
   1.65500E+03   1.00000E+00
   1.65000E+03   1.00000E+00
   1.64500E+03   1.00000E+00
   1.64000E+03   1.00000E+00
   1.63500E+03   1.00000E+00
   1.63000E+03   1.00000E+00
   1.62500E+03   1.00000E+00
   1.62000E+03   1.00000E+00
   1.61500E+03   1.00000E+00
   1.61000E+03   1.00000E+00
   1.60500E+03   1.00000E+00
   1.60000E+03   1.00000E+00
   1.59500E+03   1.00000E+00
   1.59000E+03   1.00000E+00
   1.58500E+03   1.00000E+00
   1.58000E+03   1.00000E+00
   1.57500E+03   1.00000E+00
   1.57000E+03   1.00000E+00
   1.56750E+03   1.00000E+00
   1.56528E+03   1.00000E+00

 Phase Region for:
     BCC_A2                        
     FCC_A1#1                      
 col-1=T, col-2=NP(BCC_A2), col-3=NP(FCC_A1#1),
   1.56528E+03   1.00000E+00   2.25592E-07
   1.56000E+03   9.75673E-01   2.43272E-02
   1.55500E+03   9.51609E-01   4.83906E-02
   1.55000E+03   9.26518E-01   7.34819E-02
   1.54500E+03   9.00358E-01   9.96418E-02
   1.54000E+03   8.73099E-01   1.26901E-01
   1.53500E+03   8.44723E-01   1.55277E-01
   1.53000E+03   8.15228E-01   1.84772E-01
   1.52500E+03   7.84629E-01   2.15371E-01
   1.52000E+03   7.52966E-01   2.47034E-01
   1.52000E+03   7.52966E-01   2.47034E-01
   1.51500E+03   7.20301E-01   2.79699E-01
   1.51000E+03   6.86710E-01   3.13290E-01
   1.50500E+03   6.52304E-01   3.47696E-01
   1.50000E+03   6.17208E-01   3.82792E-01
   1.49500E+03   5.81567E-01   4.18433E-01
   1.49000E+03   5.45538E-01   4.54462E-01
   1.48500E+03   5.09288E-01   4.90712E-01
   1.48000E+03   4.72986E-01   5.27014E-01
   1.47500E+03   4.36800E-01   5.63200E-01
   1.47000E+03   4.00891E-01   5.99109E-01
   1.46500E+03   3.65411E-01   6.34589E-01
   1.46000E+03   3.30498E-01   6.69502E-01
   1.45500E+03   2.96276E-01   7.03724E-01
   1.45000E+03   2.62851E-01   7.37149E-01
   1.44500E+03   2.30316E-01   7.69684E-01
   1.44000E+03   1.98746E-01   8.01254E-01
   1.43500E+03   1.68202E-01   8.31798E-01
   1.43000E+03   1.38731E-01   8.61269E-01
   1.42500E+03   1.10368E-01   8.89632E-01
   1.42000E+03   8.31362E-02   9.16864E-01
   1.41500E+03   5.70496E-02   9.42950E-01
   1.41000E+03   3.21143E-02   9.67886E-01
   1.40500E+03   8.32939E-03   9.91671E-01
   1.40319E+03   0.00000E+00   1.00000E+00

 Phase Region for:
     FCC_A1#1                      
 col-1=T, col-2=NP(FCC_A1#1),
   1.40319E+03   1.00000E+00
   1.40000E+03   1.00000E+00
   1.39500E+03   1.00000E+00
   1.39000E+03   1.00000E+00
   1.38500E+03   1.00000E+00
   1.38000E+03   1.00000E+00
   1.37500E+03   1.00000E+00
   1.37000E+03   1.00000E+00
   1.36500E+03   1.00000E+00
   1.36000E+03   1.00000E+00
   1.35500E+03   1.00000E+00
   1.35000E+03   1.00000E+00
   1.34500E+03   1.00000E+00
   1.34000E+03   1.00000E+00
   1.33500E+03   1.00000E+00
   1.33000E+03   1.00000E+00
   1.32500E+03   1.00000E+00
   1.32000E+03   1.00000E+00
   1.31500E+03   1.00000E+00
   1.31000E+03   1.00000E+00
   1.30500E+03   1.00000E+00
   1.30000E+03   1.00000E+00
   1.29500E+03   1.00000E+00
   1.29000E+03   1.00000E+00
   1.28500E+03   1.00000E+00
   1.28000E+03   1.00000E+00
   1.27500E+03   1.00000E+00
   1.27500E+03   1.00000E+00
   1.27000E+03   1.00000E+00
   1.26500E+03   1.00000E+00
   1.26000E+03   1.00000E+00
   1.25500E+03   1.00000E+00
   1.25000E+03   1.00000E+00
   1.24500E+03   1.00000E+00
   1.24000E+03   1.00000E+00
   1.23500E+03   1.00000E+00
   1.23000E+03   1.00000E+00
   1.22500E+03   1.00000E+00
   1.22000E+03   1.00000E+00
   1.21500E+03   1.00000E+00
   1.21000E+03   1.00000E+00
   1.20500E+03   1.00000E+00
   1.20000E+03   1.00000E+00
   1.19500E+03   1.00000E+00
   1.19000E+03   1.00000E+00
   1.18500E+03   1.00000E+00
   1.18000E+03   1.00000E+00
   1.17539E+03   1.00000E+00

 Phase Region for:
     BCC_A2                        
     FCC_A1#1                      
 col-1=T, col-2=NP(BCC_A2), col-3=NP(FCC_A1#1),
   1.17539E+03   3.27993E-07   1.00000E+00
   1.17500E+03   2.59498E-03   9.97405E-01
   1.17000E+03   3.72697E-02   9.62730E-01
   1.16500E+03   7.53145E-02   9.24686E-01
   1.16000E+03   1.16858E-01   8.83142E-01
   1.15500E+03   1.61924E-01   8.38076E-01
   1.15000E+03   2.10379E-01   7.89621E-01
   1.14500E+03   2.61874E-01   7.38126E-01
   1.14000E+03   3.15797E-01   6.84203E-01
   1.13500E+03   3.71256E-01   6.28744E-01
   1.13000E+03   4.27124E-01   5.72876E-01
   1.12500E+03   4.82144E-01   5.17856E-01
   1.12000E+03   5.35088E-01   4.64912E-01
   1.11500E+03   5.84918E-01   4.15082E-01
   1.11000E+03   6.30896E-01   3.69104E-01
   1.10642E+03   6.61248E-01   3.38752E-01

 Phase Region for:
     BCC_A2                        
     FCC_A1#1                      
     M23C6                         
 col-1=T, col-2=NP(BCC_A2), col-3=NP(FCC_A1#1), col-4=NP(M23C6),
   1.10642E+03   6.61249E-01   3.38751E-01   2.63258E-08
   1.10500E+03   7.03572E-01   2.95676E-01   7.51377E-04
   1.10000E+03   8.60275E-01   1.36261E-01   3.46366E-03
   1.09584E+03   9.94299E-01   0.00000E+00   5.70073E-03

 Phase Region for:
     BCC_A2                        
     M23C6                         
 col-1=T, col-2=NP(BCC_A2), col-3=NP(M23C6),
   1.09584E+03   9.94299E-01   5.70073E-03
   1.09500E+03   9.94286E-01   5.71424E-03
   1.09000E+03   9.94209E-01   5.79145E-03
   1.08500E+03   9.94136E-01   5.86374E-03
   1.08000E+03   9.94069E-01   5.93137E-03
   1.07500E+03   9.94005E-01   5.99457E-03
   1.07000E+03   9.93946E-01   6.05358E-03
   1.06500E+03   9.93891E-01   6.10862E-03
   1.06000E+03   9.93840E-01   6.15990E-03
   1.05500E+03   9.93792E-01   6.20763E-03
   1.05000E+03   9.93748E-01   6.25200E-03
   1.05000E+03   9.93748E-01   6.25200E-03
   1.04500E+03   9.93707E-01   6.29322E-03
   1.04000E+03   9.93669E-01   6.33146E-03
   1.03500E+03   9.93633E-01   6.36689E-03
   1.03000E+03   9.93600E-01   6.39969E-03
   1.02500E+03   9.93570E-01   6.43002E-03
   1.02000E+03   9.93542E-01   6.45802E-03
   1.01500E+03   9.93516E-01   6.48384E-03
   1.01000E+03   9.93492E-01   6.50763E-03
   1.00500E+03   9.93470E-01   6.52993E-03
   1.00000E+03   9.93449E-01   6.55052E-03
   9.95000E+02   9.93431E-01   6.56922E-03
   9.90000E+02   9.93414E-01   6.58619E-03
   9.85000E+02   9.93398E-01   6.60157E-03
   9.80000E+02   9.93385E-01   6.61550E-03
   9.75000E+02   9.93372E-01   6.62810E-03
   9.70000E+02   9.93361E-01   6.63948E-03
   9.65000E+02   9.93350E-01   6.64976E-03
   9.60000E+02   9.93341E-01   6.65903E-03
   9.55000E+02   9.93333E-01   6.66738E-03
   9.50000E+02   9.93325E-01   6.67489E-03
   9.45000E+02   9.93318E-01   6.68164E-03
   9.40000E+02   9.93312E-01   6.68769E-03
   9.35000E+02   9.93307E-01   6.69312E-03
   9.30000E+02   9.93302E-01   6.69797E-03
   9.25000E+02   9.93298E-01   6.70231E-03
   9.20000E+02   9.93294E-01   6.70619E-03
   9.15000E+02   9.93290E-01   6.70964E-03
   9.10000E+02   9.93287E-01   6.71271E-03
   9.05000E+02   9.93285E-01   6.71544E-03
   9.00000E+02   9.93282E-01   6.71787E-03
   8.95000E+02   9.93280E-01   6.72001E-03
   8.90000E+02   9.93278E-01   6.72191E-03
   8.85000E+02   9.93276E-01   6.72359E-03
   8.80000E+02   9.93275E-01   6.72507E-03
   8.75000E+02   9.93274E-01   6.72637E-03
   8.71354E+02   9.93273E-01   6.72722E-03

 Phase Region for:
     BCC_A2                        
     M23C6                         
     MU_PHASE                      
 col-1=T, col-2=NP(BCC_A2), col-3=NP(M23C6), col-4=NP(MU_PHASE),
   8.71354E+02   9.93273E-01   6.72722E-03   3.09179E-09
   8.70000E+02   9.93189E-01   6.72750E-03   8.33152E-05
   8.65000E+02   9.92887E-01   6.72847E-03   3.84267E-04
   8.60000E+02   9.92596E-01   6.72932E-03   6.74902E-04
   8.55000E+02   9.92314E-01   6.73007E-03   9.55629E-04
   8.50000E+02   9.92042E-01   6.73072E-03   1.22684E-03
   8.45000E+02   9.91780E-01   6.73130E-03   1.48889E-03
   8.40000E+02   9.91526E-01   6.73180E-03   1.74214E-03
   8.35000E+02   9.91281E-01   6.73224E-03   1.98691E-03
   8.30000E+02   9.91044E-01   6.73263E-03   2.22353E-03
   8.25000E+02   9.90815E-01   6.73296E-03   2.45227E-03
   8.20000E+02   9.90593E-01   6.73325E-03   2.67344E-03
   8.15000E+02   9.90379E-01   6.73350E-03   2.88729E-03
   8.10000E+02   9.90172E-01   6.73372E-03   3.09409E-03
   8.05000E+02   9.89972E-01   6.73390E-03   3.29407E-03
   8.05000E+02   9.89972E-01   6.73390E-03   3.29407E-03
   8.00000E+02   9.89778E-01   6.73407E-03   3.48749E-03
   7.95000E+02   9.89591E-01   6.73420E-03   3.67455E-03
   7.90000E+02   9.89410E-01   6.73432E-03   3.85547E-03
   7.85000E+02   9.89235E-01   6.73442E-03   4.03046E-03
   7.80000E+02   9.89066E-01   6.73451E-03   4.19972E-03
   7.75000E+02   9.88902E-01   6.73458E-03   4.36343E-03
   7.70000E+02   9.88744E-01   6.73464E-03   4.52178E-03
   7.65000E+02   9.88590E-01   6.73469E-03   4.67493E-03
   7.60000E+02   9.88442E-01   6.73474E-03   4.82307E-03
   7.55000E+02   9.88299E-01   6.73477E-03   4.96634E-03
   7.50000E+02   9.88160E-01   6.73480E-03   5.10491E-03
   7.45000E+02   9.88026E-01   6.73483E-03   5.23893E-03
   7.40000E+02   9.87897E-01   6.73485E-03   5.36854E-03
   7.35000E+02   9.87771E-01   6.73487E-03   5.49388E-03
   7.32835E+02   9.87718E-01   6.73487E-03   5.54687E-03

 Phase Region for:
     BCC_A2                        
     M23C6                         
     MU_PHASE                      
     SIGMA                         
 col-1=T, col-2=NP(BCC_A2), col-3=NP(M23C6), col-4=NP(MU_PHASE),
   col-5=NP(SIGMA),
   7.32835E+02   9.87718E-01   6.73487E-03   5.54687E-03   2.74750E-08
   7.30000E+02   9.86190E-01   6.73488E-03   5.53457E-03   1.54023E-03
   7.25000E+02   9.83578E-01   6.73489E-03   5.51278E-03   4.17432E-03
   7.20000E+02   9.81067E-01   6.73491E-03   5.49092E-03   6.70761E-03
   7.15000E+02   9.78651E-01   6.73491E-03   5.46902E-03   9.14551E-03
   7.10000E+02   9.76325E-01   6.73492E-03   5.44711E-03   1.14932E-02
   7.05000E+02   9.74084E-01   6.73493E-03   5.42521E-03   1.37559E-02
   7.00000E+02   9.71923E-01   6.73493E-03   5.40332E-03   1.59385E-02
   6.95000E+02   9.69838E-01   6.73493E-03   5.38141E-03   1.80460E-02
   6.90000E+02   9.67822E-01   6.73494E-03   5.35944E-03   2.00833E-02
   6.85000E+02   9.65872E-01   6.73494E-03   5.33735E-03   2.20554E-02
   6.80000E+02   9.63983E-01   6.73494E-03   5.31504E-03   2.39671E-02
   6.75000E+02   9.62149E-01   6.73494E-03   5.29241E-03   2.58234E-02
   6.70000E+02   9.60366E-01   6.73494E-03   5.26932E-03   2.76293E-02
   6.65000E+02   9.58630E-01   6.73494E-03   5.24561E-03   2.93898E-02
   6.60000E+02   9.56934E-01   6.73494E-03   5.22111E-03   3.11101E-02
   6.55000E+02   9.55274E-01   6.73494E-03   5.19562E-03   3.27952E-02
   6.50000E+02   9.53646E-01   6.73494E-03   5.16892E-03   3.44503E-02
   6.45000E+02   9.52043E-01   6.73494E-03   5.14080E-03   3.60808E-02
   6.40000E+02   9.50462E-01   6.73494E-03   5.11100E-03   3.76918E-02
   6.35000E+02   9.48897E-01   6.73495E-03   5.07930E-03   3.92885E-02
   6.30000E+02   9.47343E-01   6.73495E-03   5.04542E-03   4.08763E-02
   6.25000E+02   9.45796E-01   6.73495E-03   5.00914E-03   4.24601E-02
   6.20000E+02   9.44250E-01   6.73495E-03   4.97019E-03   4.40450E-02
   6.15000E+02   9.42701E-01   6.73495E-03   4.92835E-03   4.56356E-02
   6.10000E+02   9.41145E-01   6.73495E-03   4.88341E-03   4.72366E-02
   6.05000E+02   9.39578E-01   6.73495E-03   4.83517E-03   4.88521E-02
   6.00000E+02   9.37996E-01   6.73495E-03   4.78348E-03   5.04858E-02
   5.95000E+02   9.36396E-01   6.73495E-03   4.72823E-03   5.21410E-02
   5.90000E+02   9.34775E-01   6.73495E-03   4.66933E-03   5.38204E-02
   5.85000E+02   9.33132E-01   6.73495E-03   4.60677E-03   5.55261E-02
   5.80000E+02   9.31465E-01   6.73495E-03   4.54060E-03   5.72593E-02
   5.75000E+02   9.29773E-01   6.73495E-03   4.47091E-03   5.90208E-02
   5.70000E+02   9.28057E-01   6.73495E-03   4.39790E-03   6.08103E-02
   5.65000E+02   9.26316E-01   6.73495E-03   4.32178E-03   6.26271E-02
   5.60635E+02   9.24778E-01   6.73495E-03   4.25305E-03   6.42341E-02
   5.60635E+02   9.24778E-01   6.73495E-03   4.25305E-03   6.42341E-02

 Phase Region for:
     BCC_A2                        
     CHI_A12                       
     M23C6                         
     MU_PHASE                      
     SIGMA                         
 col-1=T, col-2=NP(BCC_A2), col-3=NP(CHI_A12), col-4=NP(M23C6),
   col-5=NP(MU_PHASE), col-6=NP(SIGMA),
   5.60635E+02   9.24778E-01   6.08562E-08   6.73495E-03   4.25303E-03 
    6.42341E-02
   5.60000E+02   9.24529E-01   7.70665E-04   6.73495E-03   3.95251E-03 
    6.40124E-02
   5.55000E+02   9.22625E-01   6.66831E-03   6.73495E-03   1.65965E-03 
    6.23125E-02
   5.51196E+02   9.21234E-01   1.09591E-02   6.73495E-03   0.00000E+00 
    6.10715E-02

 Phase Region for:
     BCC_A2                        
     CHI_A12                       
     M23C6                         
     SIGMA                         
 col-1=T, col-2=NP(BCC_A2), col-3=NP(CHI_A12), col-4=NP(M23C6),
   col-5=NP(SIGMA),
   5.51196E+02   9.21234E-01   1.09591E-02   6.73495E-03   6.10715E-02
   5.50000E+02   9.20870E-01   1.10164E-02   6.73495E-03   6.13791E-02
   5.45000E+02   9.19337E-01   1.12553E-02   6.73495E-03   6.26728E-02
   5.40000E+02   9.17793E-01   1.14933E-02   6.73495E-03   6.39790E-02
   5.35000E+02   9.16238E-01   1.17301E-02   6.73495E-03   6.52966E-02
   5.30000E+02   9.14675E-01   1.19656E-02   6.73495E-03   6.66241E-02
   5.25000E+02   9.13106E-01   1.21996E-02   6.73495E-03   6.79593E-02
   5.20000E+02   9.11533E-01   1.24322E-02   6.73495E-03   6.92998E-02
   5.15000E+02   9.09959E-01   1.26634E-02   6.73495E-03   7.06429E-02
   5.10000E+02   9.08386E-01   1.28933E-02   6.73495E-03   7.19855E-02
   5.05000E+02   9.06818E-01   1.31220E-02   6.73495E-03   7.33246E-02
   5.00000E+02   9.05258E-01   1.33496E-02   6.73495E-03   7.46570E-02
   4.95000E+02   9.03709E-01   1.35759E-02   6.73495E-03   7.59796E-02
   4.90000E+02   9.02175E-01   1.38011E-02   6.73495E-03   7.72894E-02
   4.85000E+02   9.00657E-01   1.40250E-02   6.73495E-03   7.85834E-02
   4.80000E+02   8.99159E-01   1.42474E-02   6.73495E-03   7.98590E-02
   4.75000E+02   8.97683E-01   1.44682E-02   6.73495E-03   8.11139E-02
   4.70000E+02   8.96232E-01   1.46871E-02   6.73495E-03   8.23457E-02
   4.65000E+02   8.94809E-01   1.49037E-02   6.73495E-03   8.35526E-02
   4.60000E+02   8.93414E-01   1.51178E-02   6.73495E-03   8.47330E-02
   4.55000E+02   8.92050E-01   1.53289E-02   6.73495E-03   8.58857E-02
   4.50000E+02   8.90719E-01   1.55366E-02   6.73495E-03   8.70094E-02
   4.45000E+02   8.89421E-01   1.57405E-02   6.73495E-03   8.81035E-02
   4.40000E+02   8.88158E-01   1.59400E-02   6.73495E-03   8.91674E-02
   4.35000E+02   8.86930E-01   1.61347E-02   6.73495E-03   9.02007E-02
   4.30000E+02   8.85738E-01   1.63241E-02   6.73495E-03   9.12034E-02
   4.25000E+02   8.84582E-01   1.65078E-02   6.73495E-03   9.21754E-02
   4.20000E+02   8.83463E-01   1.66853E-02   6.73495E-03   9.31171E-02
   4.15000E+02   8.82380E-01   1.68562E-02   6.73495E-03   9.40286E-02
   4.10000E+02   8.81334E-01   1.70202E-02   6.73495E-03   9.49104E-02
   4.05000E+02   8.80325E-01   1.71770E-02   6.73495E-03   9.57631E-02
   4.00000E+02   8.79352E-01   1.73261E-02   6.73495E-03   9.65872E-02
   3.95000E+02   8.78414E-01   1.74675E-02   6.73495E-03   9.73833E-02
   3.90000E+02   8.77512E-01   1.76009E-02   6.73495E-03   9.81521E-02
   3.85000E+02   8.76645E-01   1.77262E-02   6.73495E-03   9.88942E-02
   3.80000E+02   8.75812E-01   1.78433E-02   6.73495E-03   9.96102E-02
   3.75000E+02   8.75012E-01   1.79523E-02   6.73495E-03   1.00301E-01
   3.70000E+02   8.74245E-01   1.80532E-02   6.73495E-03   1.00967E-01
   3.65000E+02   8.73511E-01   1.81460E-02   6.73495E-03   1.01608E-01
   3.60000E+02   8.72808E-01   1.82311E-02   6.73495E-03   1.02226E-01
   3.55000E+02   8.72136E-01   1.83086E-02   6.73495E-03   1.02821E-01
   3.50000E+02   8.71494E-01   1.83788E-02   6.73495E-03   1.03392E-01
   3.45000E+02   8.70881E-01   1.84419E-02   6.73495E-03   1.03942E-01
   3.40000E+02   8.70298E-01   1.84984E-02   6.73495E-03   1.04469E-01
   3.35000E+02   8.69742E-01   1.85486E-02   6.73495E-03   1.04975E-01
   3.34328E+02   8.69669E-01   1.85548E-02   6.73495E-03   1.05041E-01

 Phase Region for:
     BCC_A2                        
     CHI_A12                       
     HCP_A3#1                      
     M23C6                         
     SIGMA                         
 col-1=T, col-2=NP(BCC_A2), col-3=NP(CHI_A12), col-4=NP(HCP_A3#1),
   col-5=NP(M23C6), col-6=NP(SIGMA),
   3.34327E+02   8.69669E-01   1.85549E-02   9.32015E-08   6.73495E-03 
    1.05041E-01
   3.34327E+02   8.69669E-01   1.85549E-02   9.32015E-08   6.73495E-03 
    1.05041E-01
   3.30000E+02   8.71710E-01   1.86216E-02   7.19962E-03   6.73490E-03 
    9.57339E-02
   3.25000E+02   8.73488E-01   1.86768E-02   1.38318E-02   6.73488E-03 
    8.72685E-02
   3.20000E+02   8.74844E-01   1.87164E-02   1.91957E-02   6.73487E-03 
    8.05088E-02
   3.15000E+02   8.75909E-01   1.87453E-02   2.36444E-02   6.73488E-03 
    7.49669E-02
   3.10000E+02   8.76764E-01   1.87666E-02   2.74071E-02   6.73488E-03 
    7.03273E-02
   3.05000E+02   8.77467E-01   1.87826E-02   3.06394E-02   6.73489E-03 
    6.63765E-02
   3.00000E+02   8.78055E-01   1.87946E-02   3.34511E-02   6.73490E-03 
    6.29645E-02
